0.06847 0.64403 0.23754 0.89453 0.27027 0.00000
0.06847 0.81173 0.15689 0.87069 0.10811 0.00000
0.16000 0.63951 0.16716 0.59294 0.21622 0.00000
0.09748 0.79557 0.12903 1.00000 0.10811 0.00000
0.06551 0.72155 0.23314 0.98587 0.16216 0.00000
0.11946 0.72755 0.14956 0.64738 0.24324 0.00000
0.12799 0.39693 0.52639 0.56382 0.16216 0.00000
0.12270 0.75333 0.14223 0.78260 0.13514 0.00000
0.15333 0.52393 0.24194 0.47080 0.13514 0.00000
0.13267 0.60976 0.24633 0.49079 0.29730 0.00000
0.07884 0.82713 0.10704 0.70315 0.13514 0.00000
0.12903 0.49740 0.25660 0.29049 0.35135 0.00000
0.22826 0.22374 0.48387 0.29808 0.29730 0.00000
0.16107 0.45620 0.27273 0.40372 0.13514 0.00000
0.12986 0.50188 0.22727 0.37596 0.16216 0.00000
0.21019 0.44738 0.25953 0.14422 0.48649 0.00000
0.16954 0.66976 0.13783 0.34857 0.27027 0.00000
0.14349 0.55374 0.28006 0.54042 0.18919 0.00000
0.07520 0.68916 0.14076 0.72953 0.05405 0.00000
0.10137 0.65135 0.18622 0.47243 0.10811 0.00000
0.12001 0.72265 0.15103 0.64595 0.24324 0.00000
0.14474 0.50276 0.35337 0.45114 0.27027 0.00000
0.06814 0.64243 0.23900 0.89220 0.27027 0.00000
0.07086 0.80712 0.15836 0.86945 0.10811 0.00000
0.08061 0.74969 0.13050 0.59607 0.18919 0.00000
0.16260 0.63531 0.17009 0.58300 0.21622 0.00000
0.09981 0.79055 0.13050 0.97328 0.13514 0.00000
0.08024 0.68203 0.14370 0.71832 0.05405 0.00000
0.06860 0.71649 0.23607 0.99718 0.16216 0.00000
0.12408 0.72031 0.15103 0.63982 0.24324 0.00000
0.13252 0.39146 0.53079 0.55378 0.16216 0.00000
0.14318 0.47351 0.40469 0.50488 0.29730 0.00000
0.11839 0.76263 0.13636 0.79135 0.16216 0.00000
0.15575 0.52235 0.24047 0.47460 0.13514 0.00000
0.12934 0.60904 0.24487 0.48696 0.29730 0.00000
0.12824 0.49423 0.25367 0.28701 0.35135 0.00000
0.22728 0.22343 0.48240 0.29300 0.29730 0.00000
0.16388 0.45451 0.27126 0.38382 0.16216 0.00000
0.13649 0.49485 0.23167 0.39170 0.16216 0.00000
0.21144 0.44400 0.26100 0.14501 0.48649 0.00000
0.08192 0.76890 0.18035 0.67965 0.10811 0.00000
0.17192 0.66549 0.13930 0.34097 0.27027 0.00000
0.13964 0.55427 0.27566 0.53337 0.18919 0.00000
0.10201 0.65328 0.18475 0.46878 0.10811 0.00000
0.20490 0.26691 0.38710 0.47808 0.27027 1.00000
0.17397 0.53745 0.16129 0.45111 0.24324 1.00000
0.13163 0.60926 0.16276 0.74576 0.43243 1.00000
0.23975 0.29971 0.27273 0.20233 0.32432 1.00000
0.18528 0.29284 0.27859 0.38265 0.05405 1.00000
0.26167 0.31789 0.21994 0.16645 0.27027 1.00000
0.16541 0.40097 0.24340 0.56886 0.21622 1.00000
0.16513 0.26559 0.40323 0.24066 0.62162 1.00000
0.21866 0.38236 0.21261 0.12650 0.78378 1.00000
0.19732 0.54665 0.12463 0.42128 0.18919 1.00000
0.18149 0.26502 0.34604 0.14704 0.24324 1.00000
0.16501 0.50504 0.16276 0.26914 0.18919 1.00000
0.11858 0.67385 0.08651 0.35846 0.54054 1.00000
0.20811 0.43903 0.15543 0.22422 0.29730 1.00000
0.18023 0.30623 0.36217 0.38161 0.62162 1.00000
0.19469 0.34409 0.27859 0.20037 0.70270 1.00000
0.17712 0.39928 0.21701 0.30225 0.40541 1.00000
0.14722 0.30566 0.31525 0.17685 0.27027 1.00000
0.18558 0.42120 0.18768 0.18373 1.00000 1.00000
0.18525 0.28989 0.28739 0.34595 0.18919 1.00000
0.14655 0.32294 0.35337 0.52540 0.67568 1.00000
0.19796 0.43939 0.26540 0.27823 0.56757 1.00000
0.15098 0.62102 0.15543 0.49061 0.43243 1.00000
0.20420 0.26606 0.38563 0.48049 0.27027 1.00000
0.17586 0.52959 0.16276 0.45381 0.24324 1.00000
0.13603 0.60567 0.16422 0.74818 0.43243 1.00000
0.24492 0.29333 0.27566 0.20541 0.32432 1.00000
0.18788 0.28391 0.28739 0.37585 0.05405 1.00000
0.26968 0.07381 0.52053 0.28597 0.24324 1.00000
0.26042 0.31220 0.22141 0.17613 0.27027 1.00000
0.16703 0.39562 0.24780 0.56483 0.21622 1.00000
0.16397 0.26096 0.40323 0.23629 0.62162 1.00000
0.21634 0.37912 0.21408 0.12787 0.78378 1.00000
0.19170 0.54290 0.12610 0.42422 0.18919 1.00000
0.16559 0.50221 0.16129 0.27055 0.18919 1.00000
0.20872 0.43698 0.15543 0.21394 0.29730 1.00000
0.19344 0.34157 0.27566 0.20203 0.70270 1.00000
0.15410 0.49764 0.17889 0.21749 0.59459 1.00000
0.17965 0.39704 0.21848 0.30375 0.40541 1.00000
0.15303 0.29889 0.31672 0.17217 0.27027 1.00000
0.19595 0.41144 0.19208 0.19151 1.00000 1.00000
0.18592 0.28574 0.28886 0.33556 0.18919 1.00000
0.14884 0.31953 0.35337 0.53066 0.67568 1.00000
0.19689 0.43860 0.26540 0.27735 0.56757 1.00000
0.15263 0.61949 0.15396 0.48354 0.43243 1.00000
0.24700 0.37856 0.24047 0.06048 0.51351 2.00000
0.17238 0.35605 0.26393 0.00000 0.43243 2.00000
0.20414 0.27796 0.32405 0.10581 0.35135 2.00000
0.13472 0.10160 0.56158 0.19240 0.40541 2.00000
0.14086 0.19120 0.44135 0.26819 0.24324 2.00000
0.18568 0.03918 0.79326 0.28221 0.35135 2.00000
0.16559 0.49421 0.17889 0.29889 0.32432 2.00000
0.17837 0.22184 0.41349 0.11269 0.89189 2.00000
0.13985 0.29789 0.30938 0.38521 0.27027 2.00000
0.18629 0.35833 0.31818 0.12587 0.56757 2.00000
0.12897 0.45482 0.20674 0.07857 0.56757 2.00000
0.16480 0.37128 0.21994 0.15819 0.40541 2.00000
0.18081 0.35092 0.27419 0.19892 0.40541 2.00000
0.11922 0.42110 0.26246 0.26152 0.35135 2.00000
0.09412 0.35005 0.31232 0.27003 0.32432 2.00000
0.20246 0.17537 0.50587 0.17268 0.45946 2.00000
0.17467 0.40901 0.23607 0.17608 0.67568 2.00000
0.17693 0.25431 0.40323 0.15470 0.43243 2.00000
0.17742 0.33810 0.29619 0.26305 0.43243 2.00000
0.16312 0.47209 0.20968 0.29215 0.18919 2.00000
0.16217 0.18454 0.47067 0.26801 0.51351 2.00000
0.12506 0.04454 0.63490 0.25638 0.29730 2.00000
0.12976 0.36551 0.33284 0.27376 0.40541 2.00000
0.16287 0.41704 0.21554 0.11815 0.54054 2.00000
0.24856 0.37578 0.24047 0.05398 0.51351 2.00000
0.17296 0.35050 0.26393 0.00270 0.43243 2.00000
0.20359 0.27655 0.32111 0.10506 0.35135 2.00000
0.18014 0.43073 0.17302 0.02513 0.35135 2.00000
0.14377 0.18599 0.44575 0.27458 0.24324 2.00000
0.19130 0.03318 0.80499 0.27642 0.35135 2.00000
0.16391 0.48823 0.17889 0.30037 0.32432 2.00000
0.17333 0.21912 0.41202 0.10271 0.89189 2.00000
0.18060 0.35623 0.31818 0.12730 0.56757 2.00000
0.12445 0.45126 0.20674 0.08727 0.56757 2.00000
0.16529 0.36866 0.22141 0.16248 0.40541 2.00000
0.17595 0.35045 0.27126 0.18535 0.40541 2.00000
0.12084 0.41254 0.26833 0.26473 0.35135 2.00000
0.09862 0.34781 0.31525 0.25547 0.32432 2.00000
0.17057 0.40562 0.23314 0.17609 0.67568 2.00000
0.17635 0.25343 0.40176 0.14797 0.43243 2.00000
0.18121 0.33254 0.30059 0.25051 0.43243 2.00000
0.15761 0.47004 0.20528 0.28924 0.18919 2.00000
0.16480 0.17914 0.47507 0.26879 0.51351 2.00000
0.13047 0.03565 0.64516 0.25093 0.29730 2.00000
0.12940 0.36348 0.33284 0.28544 0.37838 2.00000
0.03894 0.92528 0.03666 0.69614 0.24324 3.00000
0.00128 0.74932 0.12463 0.74461 0.27027 3.00000
0.01412 0.89883 0.05718 0.72895 0.18919 3.00000
0.04142 1.00000 0.00147 0.42259 0.32432 3.00000
0.05380 0.71711 0.13490 0.72352 0.00000 3.00000
0.08278 0.75206 0.08798 0.55335 0.16216 3.00000
0.06092 0.51404 0.22287 0.49140 0.27027 3.00000
0.04252 0.61246 0.15396 0.36520 0.24324 3.00000
0.03714 0.83497 0.06891 0.59683 0.27027 3.00000
0.08990 0.38438 0.40029 0.50172 0.29730 3.00000
0.04032 0.78268 0.08358 0.58463 0.29730 3.00000
0.06270 0.48051 0.29619 0.45208 0.27027 3.00000
0.10143 0.60740 0.15689 0.43337 0.27027 3.00000
0.04286 0.54113 0.27273 0.45765 0.18919 3.00000
0.03934 0.84659 0.06012 0.55119 0.32432 3.00000
0.01764 0.63296 0.19941 0.55426 0.27027 3.00000
0.05894 0.60881 0.21848 0.43551 0.18919 3.00000
0.02852 0.76332 0.15836 0.88610 0.18919 3.00000
0.05946 0.66907 0.13930 0.54699 0.13514 3.00000
0.02910 0.63459 0.17595 0.65483 0.05405 3.00000
0.04176 0.61346 0.25806 0.35361 0.18919 3.00000
0.02109 0.79146 0.12170 0.59322 0.13514 3.00000
0.03962 0.92248 0.03812 0.71644 0.24324 3.00000
0.00000 0.75407 0.12023 0.74697 0.27027 3.00000
0.01113 0.89673 0.05718 0.73834 0.18919 3.00000
0.04292 0.99755 0.00000 0.44094 0.32432 3.00000
0.05420 0.71677 0.13490 0.72306 0.00000 3.00000
0.07719 0.74970 0.08504 0.56124 0.16216 3.00000
0.06040 0.51196 0.22287 0.49049 0.27027 3.00000
0.04069 0.60955 0.15543 0.37606 0.24324 3.00000
0.06881 0.75982 0.06158 0.39902 0.27027 3.00000
0.03485 0.83200 0.06745 0.60235 0.27027 3.00000
0.08871 0.38768 0.39296 0.52740 0.29730 3.00000
0.03794 0.77739 0.08358 0.54087 0.29730 3.00000
0.06163 0.47698 0.29619 0.48638 0.27027 3.00000
0.06328 0.62093 0.27859 0.66284 0.13514 3.00000
0.09993 0.60782 0.15543 0.42773 0.27027 3.00000
0.03794 0.84458 0.06012 0.52428 0.32432 3.00000
0.01764 0.63212 0.19501 0.54867 0.27027 3.00000
0.02271 0.83447 0.05718 0.56102 0.24324 3.00000
0.02601 0.76465 0.15396 0.89807 0.18919 3.00000
0.05762 0.66760 0.13783 0.58892 0.13514 3.00000
0.02516 0.63178 0.17889 0.66673 0.05405 3.00000
0.04552 0.58680 0.28592 0.35846 0.18919 3.00000
0.01321 0.79391 0.11730 0.60116 0.13514 3.00000
1.00000 0.00000 1.00000 0.36595 0.37838 0.00000
